lastAccountName: EternalEmperor
timestamps:
  login: 1618958315066
  logout: 1618958307179
ipAddress: 192.168.1.39
lastlocation:
  world: world
  x: -2355.095858805659
  y: 65.0
  z: 2328.6207662735446
  yaw: 316.64294
  pitch: 15.864981
logoutlocation:
  world: world
  x: -1325.4782959471927
  y: 69.9375
  z: 2188.6882161926965
  yaw: 185.41937
  pitch: 5.1856003
